image: hadabot_world.pgm
# Each 100 pixels is 1 meter
resolution: 0.01000
origin: [0.000000, 0.000000, 0.000000]
negate: 0
occupied_thresh: 0.65
free_thresh: 0.196
